166201690100001001,102387232530000,S22,5691,48213000,01040000,0,1,01,1,02,01,00,4,03,1,08490000,-1,2015-10-15 21:07:39.829164,20151015
166201690100001001,102387232530000,S22,5691,48213000,01040000,0,1,01,1,02,01,00,4,03,1,08490000,-1,2015-10-15 21:07:39.918874,20151015
166201690100001001,102387232530001,S22,6011,14243180,01043180,2,1,01,1,01,12,,,01,1,07090002,-1,2015-10-15 21:07:39.949838,20151015
166201690100001001,102387232530000,S22,5691,48213000,01040000,0,1,01,1,02,01,00,4,03,1,08490000,-1,2015-10-15 21:07:39.967362,20151015
166201690100001001,102387232530000,S22,5691,48213000,01040000,0,1,01,1,02,01,00,4,03,1,08490000,-1,2015-10-15 21:07:39.993401,20151015
166201690100001001,102387232530001,S22,6011,14243180,01043180,2,1,01,1,01,12,,,01,1,07090002,-1,2015-10-15 21:07:39.999754,20151015
166201690100001001,102387232530002,S22,5411,01044770,01044500,2,1,01,1,01,12,00,0,03,1,50366004,24900,2015-10-15 21:07:40.034706,20151015
166201690100001001,102387232530003,S22,6011,14436181,15366170,2,1,01,1,01,12,00,0,01,1,73435703,500000,2015-10-15 21:07:40.037627,20151015
166201690100001001,102387232530001,S22,6011,14243180,01043180,2,1,01,1,01,12,,,01,1,07090002,-1,2015-10-15 21:07:40.040348,20151015
166201690100001001,102387232530001,S22,6011,14243180,01043180,2,1,01,1,01,12,,,01,1,07090002,-1,2015-10-15 21:07:40.041781,20151015
166201690100001001,102387232530000,S22,5691,48213000,01040000,0,1,01,1,02,01,00,4,03,1,08490000,-1,2015-10-15 21:07:40.060956,20151015
166201690100001001,102387232530002,S22,5411,01044770,01044500,2,1,01,1,01,12,00,0,03,1,50366004,24900,2015-10-15 21:07:40.124363,20151015
166201690100001001,102387232530003,S22,6011,14436181,15366170,2,1,01,1,01,12,00,0,01,1,73435703,500000,2015-10-15 21:07:40.127482,20151015
166201690100001001,102387232530001,S22,6011,14243180,01043180,2,1,01,1,01,12,,,01,1,07090002,-1,2015-10-15 21:07:40.130127,20151015
166201690100001001,102387232530002,S22,5411,01044770,01044500,2,1,01,1,01,12,00,0,03,1,50366004,24900,2015-10-15 21:07:40.150814,20151015
166201690100001001,102387232530002,S22,5411,01044770,01044500,2,1,01,1,01,12,00,0,03,1,50366004,24900,2015-10-15 21:07:40.173796,20151015
166201690100001001,102387232530003,S22,6011,14436181,15366170,2,1,01,1,01,12,00,0,01,1,73435703,500000,2015-10-15 21:07:40.177079,20151015
166201690100001001,102387232530003,S22,6011,14436181,15366170,2,1,01,1,01,12,00,0,01,1,73435703,500000,2015-10-15 21:07:40.177598,20151015
166201690100001001,102387232530001,S22,6011,14243180,01043180,2,1,01,1,01,12,,,01,1,07090002,-1,2015-10-15 21:07:40.178229,20151016
